1111111111111111111111111111111111111111111111111111111111111111111111111111111111111111111111111111111111111111111111111111111111
1111111111111111111111111111111111111111111111111111111111111111111111111111111111111111111111111111111111111111111111111111111111
11111111111               11111111111111111111111111111111111111111111111111111111111111111111111111111111111111111111111111111111111111111111111
111111111111111                        1111111111111111111111111111111111111111111111111111111111111111111111111111111111111111111111111111111111111111111
1111111111111                                       111111111111111111111111111111111111111111111111111111111111111111111111111111111111111111111111111111111111111111111
1111111111111111                                                                        111111111111111111111111111111111111111111111111111111111111111111111111111111111111111111111111111111111111111111
1111111111111111111111111      #     3                     1     11111111111111111111111111111111111111111111111111111111111111111111111111111111111111111111111111111111
111111111111111111111111                                         1111111111111111111111111111111111111111111111111111111111111111111111111111111111111111111111111111111111
1111111111111111111111111                111                             111111111111111111111111111111111111111111111111111111111111111111111111111111111111111111111111111111111
1111111111111111111111111                           1111                11111111111111111111111111111111111111111111111111111111111111111111111111111111111111111111111111111
1111111111111111111111111     11           1111111111111111                    11111111111111111111111111111111111111111111111111111111111111111111111111111111111111111
11111111111111111111111111       111111111111111111111111111111                   11111111111111111111111111111111111111111111111111111111111111111111111111
111111111111111111111111111      11111111111111111111111111111                    11111111111111111111111111111111111111111111111111111111111111111111111111
11111111111111111111111111                1111111111111111111111111111111                             1111111111111111111111111111111111111111111111111111111111111111111111111
11111111111111111111111111                 1111111111111111111111111111111                    1111111111111111111111111111111111111111111111111111111111111111111111111
1111111111111111111111111               111111111111111111111111111111111                       111111111111111111111111111111111111111111111111111111111111111111111111
1111111111111111111111111                111111111111111111111111111111111111111111111111111111111111111111111111111111111111111111111111111111111
11111111                1    111111111111111111                 1111111111111111111111111111111111111111111111111111111111111111111111111111111111111111111111111111111
11111111111       2         1111111111111111                111111111111111111111111111111111                     1111111111111111111111111111111111111111111111111111111111111111111111
11111111111                 1111111111111111                11111111111111111111111111111111                           11111111111111111111111111111111111111111111111111111111111111111111111
111111111     #        111          111111111111111                11111111111111111111111111111111                     11111111111111111111111111111111111111111111111111111111111111111111111
11111111111        1111111111111111           #   111111111111111111111111111111111                   1111111111111111111111111111111111111111111111111111111111111111111111
1111111111111         111111111111111               111111111111111111111111111111111                       111111111111111111111111111111111111111111111111111111111111111111111
111111111111111                        1111111111111111111111111111111111                   11111111111111111111111111111111111111111111111111111111111111111111
11111111111111111111111111111              1111111111111111111111111111111111111111                   1111111111111111111111111111111111111111111111111111111111111
111111111111111111111111111111                            111111111111111111111111                 1111111111111111111111111111111111111111111111111111111111111111111111111111
1111111111111111111111111111111                1111111111111111111111111111111111              11111111111111111111111111111111111111111111111111111111111111111
1111111111111111111111111111111111                             1111111111111111             11111111111111111111111111111111111111111111111111111111111111111111111111111111
11111111111111111111111111111111111111                      111111111111111111               11111111111111111111111111111111111111111111111111111111111111111111111
1111111111111111111111111111111111111111      #        111111111111111111111                    111111111111111111111111111111111111111111111111111111111111111111111
11111111111111111111111111111111111111111111                11111111111111             111111111111111111111111111111111111111111111111111111111111111111111111
1111111111111111111111111111111111111111111111111                                     111111111111111111111111111111111111111111111111111111111111111111111111111111111
1111111111111111111111111111111111111111111111111111111111111111111111111111111111111111111111111111111111111111111111111111111111
1111111111111111111111111111111111111111111111111111111111111111111111111111111111111111111111111111111111111111111111111111111111


